0 0 0 15 0 0 0 15 0 0 0 15 0 0 0 15 0 0 0 15 1 
0 0 0 15 255 0 0 15 0 0 0 15 255 0 0 15 0 0 0 15 1 
0 0 0 15 0 0 0 15 0 0 0 15 0 0 0 15 0 0 0 15 1 
0 0 255 15 0 0 0 15 0 0 0 15 0 0 0 0 0 0 255 15 1 
0 0 0 15 0 0 255 15 0 0 255 15 0 0 255 15 0 0 0 15 1 
0 0 0 15 0 0 0 15 0 0 0 15 0 0 0 15 0 0 0 15 1 
0 0 0 15 0 0 0 15 0 0 0 15 0 0 0 15 0 0 0 15 1 
0 0 0 15 255 0 0 15 0 0 0 15 255 0 0 15 0 0 0 15 1 
0 0 0 15 0 0 0 15 0 0 0 15 0 0 0 15 0 0 0 15 1 
0 0 255 15 0 0 0 0 0 0 0 15 0 0 0 0 0 0 255 15 1 
0 0 0 15 0 0 255 15 0 0 255 15 0 0 255 15 0 0 0 15 1 
0 0 0 15 0 0 0 15 0 0 0 15 0 0 0 15 0 0 0 15 1 
0 0 0 15 0 0 0 15 0 0 0 15 0 0 0 15 0 0 0 15 1 
0 0 0 15 255 0 0 15 0 0 0 15 255 0 0 15 0 0 0 15 1 
0 0 0 15 0 0 0 15 0 0 0 15 0 0 0 15 0 0 0 15 1 
0 0 255 15 0 0 0 15 0 0 0 15 0 0 0 15 0 0 255 15 1 
0 0 0 15 0 0 255 15 0 0 255 15 0 0 255 15 0 0 0 15 1 
0 0 0 15 0 0 0 15 0 0 0 15 0 0 0 15 0 0 0 15 1 
